747 744 0.25280332565307617
734 733 0.050504207611083984
729 728 0.05061078071594238
721 720 0.050675153732299805
735 701 0.0509183406829834
793 713 0.05095076560974121
843 754 0.05069279670715332
906 835 0.05053901672363281
937 890 0.05066490173339844
940 897 0.050493717193603516
976 902 3.741260290145874
981 905 0.0504612922668457
988 909 0.05042743682861328
1003 913 0.05033993721008301
1036 924 0.05039477348327637
1084 943 0.05042219161987305
1134 961 0.050440073013305664
1157 971 0.05039501190185547
1160 972 0.05046963691711426
1187 960 0.35435986518859863
1260 912 0.05054783821105957
1311 886 0.05043959617614746
1338 881 0.05054187774658203
1350 877 0.05045628547668457
1373 870 0.050438642501831055
1397 885 0.05049633979797363
1391 923 0.05057549476623535
1386 935 0.050742149353027344
1375 924 0.3039984703063965
1370 905 0.05039191246032715
1371 898 0.050543785095214844
1372 895 0.10150456428527832
1366 892 0.10129761695861816
1332 888 0.05066180229187012
1293 869 0.05061197280883789
1270 843 0.050522565841674805
1266 819 0.05047774314880371
1267 808 0.05045676231384277
1268 803 0.05037879943847656
1266 796 0.05043196678161621
1260 785 0.050539255142211914
1239 781 0.05043649673461914
1212 792 0.050591230392456055
1203 797 0.05044269561767578
1200 798 0.05053973197937012
1197 791 0.30296921730041504
1193 753 0.050435781478881836
1200 724 0.05070829391479492
1219 704 0.05046343803405762
1237 692 0.05059957504272461
1261 681 0.050528526306152344
1285 667 0.05077075958251953
1291 664 0.050431251525878906
1299 656 0.05040550231933594
1308 644 0.05054187774658203
1314 640 0.0504148006439209
1316 638 0.05068087577819824
1311 637 0.556788444519043
1301 636 0.05053138732910156
1279 644 0.10083889961242676
1254 652 0.050652265548706055
1238 655 0.050549983978271484
1222 661 0.05040931701660156
1178 667 0.050455570220947266
1088 663 0.05042839050292969
993 651 0.05056500434875488
933 643 0.050406455993652344
835 657 0.3037714958190918
733 659 0.050581932067871094
658 650 0.050531625747680664
601 649 0.05045890808105469
550 652 0.050725698471069336
511 651 0.050424814224243164
477 648 0.05055856704711914
446 645 0.05062413215637207
426 642 0.050771236419677734
409 640 0.051013946533203125
384 642 0.10110163688659668
366 641 0.10105276107788086
357 643 0.8582398891448975
304 667 0.05043363571166992
222 702 0.050481319427490234
177 713 0.05040121078491211
146 682 0.050375938415527344
151 593 0.05037689208984375
201 497 0.0504148006439209
267 414 0.05041050910949707
270 410 0.050435543060302734
334 340 0.555800199508667
495 264 0.05053424835205078
599 268 0.05071449279785156
655 296 0.050725698471069336
670 333 0.050608158111572266
636 308 0.40401649475097656
575 277 0.050377607345581055
523 278 0.05058622360229492
506 281 0.05054140090942383
558 236 0.05051708221435547
858 135 0.05066847801208496
1305 133 0.05041146278381348
1496 173 0.0505521297454834
1526 213 0.05053305625915527
1685 195 0.45469164848327637
1861 238 0.05047893524169922
1911 293 0.05068206787109375
1919 332 0.05065321922302246
1903 343 0.2523930072784424
1811 318 0.05047154426574707
1612 289 0.05051851272583008
1410 297 0.10208797454833984
1391 313 0.20143747329711914
1158 454 0.05039215087890625
867 547 0.05047297477722168
791 561 0.05054068565368652
715 579 0.20203638076782227
522 634 0.05063152313232422
466 647 0.05066490173339844
415 648 0.2018272876739502
386 650 0.1010739803314209
370 649 0.15270042419433594
359 648 0.05053377151489258
358 645 0.2525756359100342
369 646 0.5561676025390625
457 621 0.05074024200439453
684 606 0.05107855796813965
879 656 0.05043196678161621
1009 726 0.05041766166687012
1054 769 0.05072498321533203
1061 782 0.050624847412109375
1089 750 0.2023460865020752
1187 715 0.05042743682861328
1240 704 0.05042290687561035
1276 699 0.05044984817504883
1289 698 0.050423383712768555
1294 696 0.05060315132141113
1307 681 0.05105113983154297
1308 661 0.05084586143493652
1309 643 0.20238065719604492
1316 645 0.25365352630615234
1318 646 0.05051159858703613
1210 652 0.6061084270477295
1148 671 0.050734758377075195
1122 715 0.0504913330078125
1108 753 0.0505063533782959
1092 790 0.05059242248535156
1068 826 0.0505833625793457
1002 822 0.05041217803955078
967 737 0.050490379333496094
979 652 0.050489187240600586
1016 583 0.05044412612915039
1041 547 0.05044054985046387
1040 546 0.05064034461975098
1037 549 0.05062532424926758
1057 482 0.20188307762145996
1456 181 0.05073285102844238
1811 103 0.05119752883911133
1875 129 0.05070066452026367
1883 135 0.05041813850402832
1856 103 0.20184993743896484
1848 70 0.0506434440612793
1849 64 0.1513528823852539
1850 63 0.05038285255432129
1851 61 0.05050849914550781
1852 59 0.05046486854553223
1853 58 0.05055952072143555
1854 57 0.05078577995300293
1855 56 0.050591230392456055
1856 54 0.05043435096740723
1849 55 1.1125774383544922
1644 124 0.050523996353149414
1339 271 0.050534963607788086
1164 404 0.05091691017150879
1153 413 0.050694942474365234
1055 468 0.2019352912902832
935 552 0.05051684379577637
893 584 0.050783395767211914
883 591 0.05109667778015137
874 601 0.05042147636413574
868 610 0.050420522689819336
865 613 0.05053257942199707
860 621 0.05042123794555664
857 626 0.0505368709564209
854 627 0.05066180229187012
853 629 0.05035519599914551
851 631 0.05043315887451172
848 632 0.05045771598815918
844 633 0.05073356628417969
811 595 0.8097522258758545
823 520 0.05048799514770508
857 453 0.05060076713562012
950 412 0.05042719841003418
1154 437 0.05093812942504883
1317 565 0.050443172454833984
1380 673 0.05037713050842285
1354 714 0.050581932067871094
1296 754 0.050409793853759766
1241 783 0.05059170722961426
1210 785 0.2521629333496094
1003 746 0.05044364929199219
868 701 0.05040383338928223
829 689 0.05048513412475586
810 692 0.05065178871154785
804 693 0.05056595802307129
798 671 0.05044746398925781
799 656 0.05049490928649902
810 649 0.05045509338378906
818 648 0.05060720443725586
831 649 0.1009986400604248
757 721 0.6056380271911621
693 794 0.05045914649963379
654 847 0.050530195236206055
636 886 0.05066347122192383
620 911 0.050457000732421875
604 937 0.050386667251586914
603 941 0.05053973197937012
588 942 0.4038355350494385
560 941 0.05130195617675781
553 938 0.05041384696960449
535 928 0.05037260055541992
457 882 0.050466060638427734
376 806 0.05050778388977051
369 767 0.0506134033203125
365 763 0.807091236114502
359 678 0.05047464370727539
415 523 0.05068325996398926
442 462 0.050701141357421875
443 460 0.05067873001098633
466 455 0.10109114646911621
511 431 0.05061769485473633
636 400 0.05086469650268555
750 406 0.05103421211242676
809 427 0.05060577392578125
830 426 0.05044126510620117
633 404 0.05054187774658203
392 440 0.05034351348876953
444 352 0.050714969635009766
604 269 0.05062532424926758
579 368 0.050437211990356445
550 406 0.05073857307434082
735 251 0.05045676231384277
877 190 0.0505518913269043
835 255 0.05081367492675781
781 296 0.051047563552856445
911 238 0.050499677658081055
951 230 0.05052447319030762
740 392 0.050653696060180664
653 453 0.05047893524169922
766 354 0.051616668701171875
813 340 0.05043172836303711
796 367 0.05038762092590332
828 383 0.252124547958374
930 390 0.05081653594970703
967 435 0.050443172454833984
945 528 0.05072808265686035
925 571 0.05046987533569336
905 588 0.05041003227233887
891 603 0.05067133903503418
883 615 0.05067920684814453
878 623 0.05058169364929199
875 626 0.05044984817504883
860 634 0.05046486854553223
845 636 0.050547122955322266
839 637 0.05063819885253906
857 617 0.5061643123626709
1370 325 0.05060863494873047
1919 97 0.05060243606567383
1907 76 0.30304789543151855
1889 68 0.050490379333496094
1882 63 0.05052375793457031
1875 57 0.0504300594329834
1872 55 0.05043220520019531
1863 54 0.10083675384521484
1846 55 0.10094070434570312
1816 85 0.05053901672363281
1752 155 0.050554752349853516
1680 228 0.0505070686340332
1654 258 0.05041384696960449
1526 274 1.974703311920166
1493 299 0.05067300796508789
1542 359 0.05074334144592285
1601 433 0.05050015449523926
1613 458 0.050652503967285156
1595 460 0.15191912651062012
1467 531 0.05048823356628418
1377 598 0.05050921440124512
1346 622 0.050476789474487305
1336 632 0.05068254470825195
1330 643 0.050591468811035156
1324 650 0.05051112174987793
1319 651 0.05047178268432617
1315 648 0.050534725189208984
1307 643 0.8088312149047852
1221 638 0.05057811737060547
1042 644 0.05099034309387207
847 668 0.05077862739562988
790 665 0.05045318603515625
772 659 0.25245141983032227
647 653 0.050454139709472656
501 666 0.05049633979797363
447 671 0.05061149597167969
430 673 0.05096244812011719
418 677 0.05043816566467285
396 672 0.05044436454772949
369 649 0.050635337829589844
349 640 0.05038619041442871
344 638 0.10110735893249512
351 641 0.20244717597961426
355 642 0.050565242767333984
357 643 0.10119128227233887
432 589 1.5152835845947266
588 487 0.050759315490722656
687 475 0.050631046295166016
746 506 0.05063462257385254
762 554 0.050581932067871094
759 556 0.5059108734130859
739 480 0.050577402114868164
770 370 0.05051589012145996
796 343 0.05044054985046387
833 349 0.0505518913269043
844 351 0.05061459541320801
843 314 0.2528555393218994
893 249 0.050415992736816406
964 244 0.050444602966308594
1005 255 0.05070185661315918
1224 129 0.25254154205322266
1874 0 0.05047488212585449
1919 28 0.05058765411376953
1823 71 0.35503649711608887
1732 138 0.05046343803405762
1722 148 0.05058455467224121
1747 138 0.050544023513793945
1769 135 0.05049395561218262
1800 117 0.05042910575866699
1825 92 0.05091547966003418
1831 89 0.050508975982666016
1837 87 0.1520862579345703
1842 83 0.050519704818725586
1846 81 0.05054068565368652
1848 80 0.05051922798156738
1850 76 0.05051732063293457
1852 68 0.05037260055541992
1832 61 0.15123867988586426
1664 80 0.050443172454833984
1133 205 0.05056428909301758
973 272 0.05040884017944336
916 244 0.25301480293273926
870 157 0.05113029479980469
882 97 0.05108332633972168
887 83 0.050664663314819336
891 71 0.05059051513671875
890 53 0.15149521827697754
878 110 1.061908483505249
890 237 0.05054140090942383
853 331 0.05040121078491211
844 340 0.20200133323669434
794 455 0.0507359504699707
788 550 0.050687313079833984
802 589 0.050623416900634766
809 607 0.05063986778259277
812 614 0.0507504940032959
817 620 0.05105733871459961
823 629 0.05045485496520996
828 635 0.05088400840759277
829 637 0.05052042007446289
831 638 0.05045342445373535
836 639 0.15124869346618652
850 615 1.0112910270690918
992 503 0.05057573318481445
1305 387 0.050461530685424805
1464 363 0.05048632621765137
1496 396 0.05049324035644531
1497 413 0.05047750473022461
1500 372 0.6571102142333984
1611 326 0.05074024200439453
1703 328 0.05041646957397461
1694 363 0.05075240135192871
1597 367 0.050626277923583984
1470 321 0.0503849983215332
1423 286 0.05060625076293945
1470 237 0.05058407783508301
1541 229 0.050608158111572266
1484 295 0.05050158500671387
1150 475 0.05063676834106445
1050 477 0.05061149597167969
1219 339 0.05082392692565918
1532 348 0.050713539123535156
1517 403 0.05054283142089844
1483 415 0.05047869682312012
1462 411 0.2028975486755371
1275 426 0.05071234703063965
1058 442 0.050611257553100586
984 453 0.05050802230834961
939 480 0.05036735534667969
906 509 0.05048489570617676
889 526 0.050464630126953125
879 547 0.0504307746887207
878 602 0.10105276107788086
869 611 0.050424814224243164
859 618 0.0507204532623291
855 624 0.050401926040649414
851 628 0.050484657287597656
846 633 0.05046200752258301
843 638 0.05151772499084473
841 640 0.05047440528869629
858 625 0.808525562286377
1146 407 0.05058646202087402
1595 137 0.05096030235290527
1696 114 0.050725698471069336
1695 109 0.20252513885498047
1731 66 0.05048632621765137
1798 54 0.05049419403076172
1834 56 0.05069446563720703
1841 57 0.05060005187988281
1843 58 0.05066370964050293
1856 57 0.10120677947998047
1857 56 0.050595998764038086
1858 54 0.15143322944641113
1854 55 1.0119471549987793
1587 167 0.05040144920349121
1248 375 0.05064797401428223
1149 459 0.05053138732910156
1144 463 0.05055689811706543
892 520 0.5044217109680176
578 664 0.05046391487121582
457 721 0.05063128471374512
414 734 0.05037832260131836
384 737 0.0505824089050293
357 730 0.0506594181060791
334 708 0.05056953430175781
329 684 0.05050826072692871
337 659 0.05061841011047363
343 648 0.05042266845703125
349 638 0.051132917404174805
356 635 0.05073094367980957
359 634 0.10164022445678711
360 635 0.15250921249389648
428 633 0.5561051368713379
648 604 0.05077028274536133
919 597 0.05048632621765137
1180 662 0.050913333892822266
1255 718 0.050504446029663086
1256 722 0.05065655708312988
1305 702 0.20205903053283691
1343 691 0.05049920082092285
1348 689 0.05055046081542969
1345 675 0.10116815567016602
1338 668 0.05065798759460449
1325 660 0.05060243606567383
1313 649 0.051288604736328125
1311 645 0.050696611404418945
1314 640 0.2020268440246582
1102 646 0.857973575592041
606 663 0.051069021224975586
380 689 0.05048346519470215
369 692 0.40401721000671387
365 695 0.0505070686340332
364 696 0.05058455467224121
363 701 0.05062699317932129
433 729 0.050492286682128906
564 805 0.05057573318481445
619 869 0.050544023513793945
661 870 0.45391106605529785
822 872 0.05061769485473633
934 919 0.050687551498413086
947 968 0.05083942413330078
936 977 0.050560951232910156
922 974 1.415994644165039
852 912 0.05042290687561035
827 786 0.05060458183288574
845 752 0.05061054229736328
880 774 0.05132246017456055
918 821 0.05095839500427246
943 847 0.05103635787963867
970 802 3.434023857116699
1245 679 0.05104184150695801
1361 680 0.050504446029663086
1332 677 0.2524752616882324
1316 672 0.05039811134338379
1305 664 0.05068397521972656
1302 659 0.050423622131347656
1313 647 0.050388336181640625
1329 646 0.05042076110839844
1252 684 0.8593587875366211
1155 761 0.05064749717712402
1124 796 0.05053210258483887
1119 805 0.05070161819458008
1090 799 0.6053729057312012
933 769 0.05039668083190918
814 749 0.05042600631713867
777 752 0.05049729347229004
706 755 0.9612689018249512
600 746 0.05061483383178711
486 736 0.05063152313232422
398 782 0.4551980495452881
259 894 0.05087137222290039
196 944 0.050496578216552734
168 950 0.05049419403076172
159 946 0.35402560234069824
104 899 0.05045056343078613
70 828 0.05062437057495117
64 769 0.050452232360839844
65 738 0.05065584182739258
100 683 0.050496816635131836
133 634 0.05069684982299805
141 620 0.05055403709411621
146 605 0.05061912536621094
147 597 0.05079960823059082
145 593 0.050470829010009766
124 588 0.050676822662353516
109 576 0.050783395767211914
105 564 0.05064582824707031
95 514 0.2533283233642578
121 455 0.05044198036193848
150 428 0.0509033203125
196 421 0.05056285858154297
235 430 0.05057382583618164
248 442 0.05057334899902344
254 460 0.050458669662475586
259 472 0.050750732421875
279 512 0.05053281784057617
310 556 0.05048537254333496
334 587 0.05057024955749512
347 602 0.050458431243896484
349 606 0.05062580108642578
350 608 0.050512075424194336
357 631 0.15187501907348633
363 646 0.050547122955322266
365 651 0.05077767372131348
366 652 0.05060386657714844
368 637 0.25196313858032227
549 539 0.050499677658081055
1118 451 0.05050230026245117
1377 421 0.050423622131347656
1418 329 0.2521839141845703
1698 106 0.05050373077392578
1761 83 0.051253557205200195
1818 90 0.30338430404663086
1861 81 0.05048847198486328
1875 77 0.05043959617614746
1879 75 0.050440073013305664
1866 57 0.15172648429870605
1864 55 0.05072140693664551
1862 54 0.05048966407775879
1861 53 0.050826311111450195
1837 56 0.8588666915893555
1578 159 0.05054497718811035
1288 318 0.05047893524169922
1234 354 0.050658226013183594
1203 348 0.30344223976135254
1073 418 0.05078411102294922
975 522 0.05064582824707031
934 573 0.05044841766357422
898 601 0.05098533630371094
885 616 0.05059075355529785
868 634 0.05059170722961426
861 638 0.05037379264831543
851 640 0.20184111595153809
848 641 0.05062055587768555
926 546 1.062450885772705
1490 146 0.05061197280883789
1743 67 0.0509495735168457
1757 70 0.35376954078674316
1787 72 0.05049300193786621
1805 68 0.05063223838806152
1830 60 0.05047202110290527
1847 57 0.050620079040527344
1860 54 0.2522389888763428
1859 50 0.050668954849243164
1726 114 2.3752288818359375
1553 209 0.0505216121673584
1433 290 0.05059003829956055
1405 313 0.050441741943359375
1411 325 0.10120201110839844
1413 326 0.050513267517089844
1387 332 0.8595447540283203
1320 384 0.050528764724731445
1272 453 0.050546884536743164
1236 484 0.05063438415527344
1216 490 0.05065274238586426
1086 495 0.4036681652069092
444 632 0.050400495529174805
254 699 0.050438880920410156
274 681 0.3037571907043457
316 659 0.05042552947998047
328 652 0.050507307052612305
331 650 0.05072164535522461
334 647 0.05055856704711914
337 644 0.05039834976196289
349 640 0.05052614212036133
373 644 0.8593358993530273
629 664 0.050431251525878906
951 740 0.050475120544433594
1001 786 0.050589561462402344
1010 777 0.30274128913879395
1207 676 0.05042147636413574
1329 678 0.05055999755859375
1313 677 0.3041985034942627
1304 671 0.10089969635009766
1301 653 0.0504755973815918
1306 638 0.10097980499267578
1313 637 0.15138745307922363
1318 639 0.10112214088439941
1319 641 0.050572872161865234
1313 642 1.0131831169128418
1228 680 0.05045056343078613
1152 697 0.05060696601867676
1101 706 0.050406694412231445
1083 710 0.050597429275512695
1089 695 0.050667524337768555
1132 678 0.05078721046447754
1157 725 0.051085472106933594
1179 763 0.05057668685913086
1010 663 0.7081587314605713
369 349 0.05067133903503418
285 315 0.05064558982849121
256 295 0.3531503677368164
390 202 0.050641775131225586
869 34 0.05045676231384277
898 33 0.050427913665771484
894 32 0.20174026489257812
895 43 0.10092043876647949
897 47 0.050459861755371094
894 115 0.9094445705413818
921 298 0.05047750473022461
951 429 0.05057525634765625
912 465 0.2538797855377197
871 517 0.05094480514526367
848 549 0.050971269607543945
835 580 0.050580501556396484
836 629 0.3030681610107422
838 637 0.050560951232910156
839 639 0.050786733627319336
840 641 0.15159392356872559
852 670 0.4563868045806885
892 735 0.050383806228637695
923 777 0.05039167404174805
943 798 0.05045604705810547
957 809 1.0606589317321777
999 838 0.050833702087402344
1013 845 0.05042290687561035
948 843 2.0728981494903564
793 861 0.05047869682312012
724 878 0.05055427551269531
709 880 0.05070686340332031
