747 744 0.25280332565307617
734 733 0.050504207611083984
729 728 0.05061078071594238
721 720 0.050675153732299805
735 701 0.0509183406829834
793 713 0.05095076560974121
843 754 0.05069279670715332
906 835 0.05053901672363281
937 890 0.05066490173339844
940 897 0.050493717193603516
976 902 3.741260290145874
981 905 0.0504612922668457
988 909 0.05042743682861328
1003 913 0.05033993721008301
1036 924 0.05039477348327637
1084 943 0.05042219161987305
1134 961 0.050440073013305664
1157 971 0.05039501190185547
1160 972 0.05046963691711426
1187 960 0.35435986518859863
1260 912 0.05054783821105957
1311 886 0.05043959617614746
1338 881 0.05054187774658203
1350 877 0.05045628547668457
1373 870 0.050438642501831055
1397 885 0.05049633979797363
1391 923 0.05057549476623535
1386 935 0.050742149353027344
1375 924 0.3039984703063965
1370 905 0.05039191246032715
1371 898 0.050543785095214844
1372 895 0.10150456428527832
1366 892 0.10129761695861816
1332 888 0.05066180229187012
1293 869 0.05061197280883789
1270 843 0.050522565841674805
1266 819 0.05047774314880371
1267 808 0.05045676231384277
1268 803 0.05037879943847656
1266 796 0.05043196678161621
1260 785 0.050539255142211914
1239 781 0.05043649673461914
1212 792 0.050591230392456055
1203 797 0.05044269561767578
1200 798 0.05053973197937012
1197 791 0.30296921730041504
1193 753 0.050435781478881836
1200 724 0.05070829391479492
1219 704 0.05046343803405762
1237 692 0.05059957504272461
1261 681 0.050528526306152344
1285 667 0.05077075958251953
1291 664 0.050431251525878906
1299 656 0.05040550231933594
1308 644 0.05054187774658203
1314 640 0.0504148006439209
1316 638 0.05068087577819824
1311 637 0.556788444519043
1301 636 0.05053138732910156
1279 644 0.10083889961242676
1254 652 0.050652265548706055
1238 655 0.050549983978271484
1222 661 0.05040931701660156
1178 667 0.050455570220947266
1088 663 0.05042839050292969
993 651 0.05056500434875488
933 643 0.050406455993652344
835 657 0.3037714958190918
733 659 0.050581932067871094
658 650 0.050531625747680664
601 649 0.05045890808105469
550 652 0.050725698471069336
511 651 0.050424814224243164
477 648 0.05055856704711914
446 645 0.05062413215637207
426 642 0.050771236419677734
409 640 0.051013946533203125
384 642 0.10110163688659668
366 641 0.10105276107788086
357 643 0.8582398891448975
304 667 0.05043363571166992
222 702 0.050481319427490234
177 713 0.05040121078491211
146 682 0.050375938415527344
151 593 0.05037689208984375
201 497 0.0504148006439209
267 414 0.05041050910949707
270 410 0.050435543060302734
334 340 0.555800199508667
495 264 0.05053424835205078
599 268 0.05071449279785156
655 296 0.050725698471069336
670 333 0.050608158111572266
636 308 0.40401649475097656
575 277 0.050377607345581055
523 278 0.05058622360229492
506 281 0.05054140090942383
558 236 0.05051708221435547
858 135 0.05066847801208496
1305 133 0.05041146278381348
1496 173 0.0505521297454834
1526 213 0.05053305625915527
1685 195 0.45469164848327637
1861 238 0.05047893524169922
1911 293 0.05068206787109375
1919 332 0.05065321922302246
1903 343 0.2523930072784424
1811 318 0.05047154426574707
1612 289 0.05051851272583008
1410 297 0.10208797454833984
1391 313 0.20143747329711914
1158 454 0.05039215087890625
867 547 0.05047297477722168
791 561 0.05054068565368652
715 579 0.20203638076782227
522 634 0.05063152313232422
466 647 0.05066490173339844
415 648 0.2018272876739502
386 650 0.1010739803314209
370 649 0.15270042419433594
359 648 0.05053377151489258
358 645 0.2525756359100342
369 646 0.5561676025390625
457 621 0.05074024200439453
684 606 0.05107855796813965
879 656 0.05043196678161621
1009 726 0.05041766166687012
1054 769 0.05072498321533203
1061 782 0.050624847412109375
1089 750 0.2023460865020752
1187 715 0.05042743682861328
1240 704 0.05042290687561035
1276 699 0.05044984817504883
1289 698 0.050423383712768555
1294 696 0.05060315132141113
1307 681 0.05105113983154297
1308 661 0.05084586143493652
1309 643 0.20238065719604492
1316 645 0.25365352630615234
1318 646 0.05051159858703613
1210 652 0.6061084270477295
1148 671 0.050734758377075195
1122 715 0.0504913330078125
1108 753 0.0505063533782959
1092 790 0.05059242248535156
1068 826 0.0505833625793457
1002 822 0.05041217803955078
967 737 0.050490379333496094
979 652 0.050489187240600586
1016 583 0.05044412612915039
1041 547 0.05044054985046387
1040 546 0.05064034461975098
1037 549 0.05062532424926758
1057 482 0.20188307762145996
1456 181 0.05073285102844238
1811 103 0.05119752883911133
1875 129 0.05070066452026367
1883 135 0.05041813850402832
1856 103 0.20184993743896484
1848 70 0.0506434440612793
1849 64 0.1513528823852539
1850 63 0.05038285255432129
1851 61 0.05050849914550781
1852 59 0.05046486854553223
1853 58 0.05055952072143555
1854 57 0.05078577995300293
1855 56 0.050591230392456055
1856 54 0.05043435096740723
1849 55 1.1125774383544922
1644 124 0.050523996353149414
1339 271 0.050534963607788086
1164 404 0.05091691017150879
1153 413 0.050694942474365234
1055 468 0.2019352912902832
935 552 0.05051684379577637
893 584 0.050783395767211914
883 591 0.05109667778015137
874 601 0.05042147636413574
868 610 0.050420522689819336
865 613 0.05053257942199707
860 621 0.05042123794555664
857 626 0.0505368709564209
854 627 0.05066180229187012
853 629 0.05035519599914551
851 631 0.05043315887451172
848 632 0.05045771598815918
844 633 0.05073356628417969
811 595 0.8097522258758545
823 520 0.05048799514770508
857 453 0.05060076713562012
950 412 0.05042719841003418
1154 437 0.05093812942504883
1317 565 0.050443172454833984
1380 673 0.05037713050842285
1354 714 0.050581932067871094
1296 754 0.050409793853759766
1241 783 0.05059170722961426
1210 785 0.2521629333496094
1003 746 0.05044364929199219
868 701 0.05040383338928223
829 689 0.05048513412475586
