870 1021 4.020014524459839
845 991 0.05058121681213379
812 947 0.05036115646362305
778 894 0.05038261413574219
747 839 0.050427913665771484
723 789 0.050338029861450195
712 757 0.05032229423522949
709 729 0.050379037857055664
712 713 0.05036473274230957
715 700 0.050492286682128906
725 673 0.05063366889953613
729 662 0.05045509338378906
732 654 0.05042147636413574
734 652 0.050359249114990234
803 648 0.8136327266693115
865 640 0.050527095794677734
921 639 0.05036306381225586
991 653 0.050371646881103516
1019 664 0.0505518913269043
1044 640 0.2539091110229492
1106 633 0.05055356025695801
1158 635 0.05062699317932129
1196 637 0.05087780952453613
1248 641 0.05064201354980469
1278 642 0.050960540771484375
1303 643 0.05090951919555664
1326 645 0.05049467086791992
1339 648 0.05034518241882324
1341 650 0.050377607345581055
1340 654 0.10083651542663574
1331 657 0.05042695999145508
1324 656 0.05045628547668457
1321 655 0.05044960975646973
1320 654 0.050412654876708984
1256 628 1.2692692279815674
1192 608 0.05055594444274902
1145 610 0.05044364929199219
1094 611 0.05048942565917969
1021 609 0.05032205581665039
952 615 0.05034375190734863
931 620 0.05053400993347168
957 608 1.4756312370300293
1089 571 0.050772666931152344
1268 598 0.051018476486206055
1336 643 0.0506746768951416
1354 667 0.05041670799255371
1355 675 0.0503995418548584
1352 685 0.05069994926452637
1350 686 0.050438880920410156
1336 665 0.05034518241882324
1333 659 0.050327301025390625
1330 653 0.050455331802368164
1329 643 0.20262789726257324
1328 642 0.050581932067871094
1322 641 0.7100470066070557
1220 626 0.05108761787414551
1121 616 0.05073094367980957
1046 615 0.05064654350280762
1027 613 0.05035400390625
1017 616 0.35558319091796875
908 627 0.05058860778808594
755 645 0.05067563056945801
658 660 0.050398826599121094
637 661 0.05063366889953613
595 664 0.3560757637023926
523 662 0.05070161819458008
459 666 0.050490617752075195
404 673 0.05101895332336426
369 671 0.05049920082092285
360 669 0.05040884017944336
358 668 0.10104560852050781
355 659 0.050353050231933594
357 654 0.05047798156738281
360 652 0.050510406494140625
362 650 0.050338029861450195
363 649 0.050540924072265625
366 636 1.626556634902954
373 627 0.055089473724365234
377 624 0.050653696060180664
376 625 0.20249319076538086
370 624 0.050507545471191406
366 625 0.05072736740112305
360 635 0.05180025100708008
358 640 0.05032992362976074
366 634 1.5280218124389648
398 616 0.05079293251037598
457 605 0.051192283630371094
522 635 0.05047321319580078
544 678 0.05063796043395996
548 703 0.050437211990356445
595 692 0.7123422622680664
690 679 0.050547122955322266
751 701 0.05046510696411133
777 741 0.05044674873352051
780 739 0.45573854446411133
851 640 0.05038881301879883
935 587 0.05041909217834473
1013 582 0.050431251525878906
1058 589 0.05047273635864258
1059 583 0.2539792060852051
1096 520 0.05057644844055176
1157 464 0.050524234771728516
1214 473 0.05042219161987305
1268 529 0.050386667251586914
1298 571 0.050377607345581055
1308 608 0.05037188529968262
1307 636 0.05045151710510254
1304 649 0.05037331581115723
1306 653 0.10109281539916992
1314 649 0.10083222389221191
1316 647 0.050446510314941406
1317 645 0.10095953941345215
1319 636 1.8747549057006836
1321 617 0.10081672668457031
1322 601 0.05031085014343262
1321 596 0.05035877227783203
1331 615 0.2528979778289795
1339 631 0.05071902275085449
1340 635 0.05034637451171875
1339 639 0.1008610725402832
1338 641 0.050595998764038086
1335 644 0.05061602592468262
1331 646 0.050533294677734375
1329 647 0.05059480667114258
1325 646 0.15218353271484375
1323 645 0.05094599723815918
1314 647 0.05057477951049805
1311 649 0.05060935020446777
1266 621 0.71128249168396
1191 579 0.05043363571166992
1110 532 0.050554513931274414
1017 506 0.05048966407775879
957 517 0.05048537254333496
942 524 0.050786495208740234
897 533 0.4070620536804199
795 546 0.0503993034362793
700 574 0.0505528450012207
639 625 0.05031323432922363
620 667 0.05031561851501465
619 680 0.05061054229736328
607 688 0.5601682662963867
546 716 0.05050802230834961
484 734 0.0505373477935791
431 744 0.05050373077392578
405 743 0.050515174865722656
388 737 0.05069470405578613
377 727 0.051209449768066406
365 703 0.050870656967163086
352 688 0.0503537654876709
344 679 0.050342559814453125
342 670 0.050453901290893555
343 661 0.050385236740112305
346 654 0.05059957504272461
352 644 0.050398826599121094
354 640 0.05050826072692871
356 639 0.05042004585266113
358 629 2.032928466796875
362 614 0.05055809020996094
364 599 0.050393104553222656
365 592 0.05089712142944336
367 588 0.05077004432678223
369 584 0.05117154121398926
367 558 0.3034493923187256
366 557 0.05063056945800781
359 567 0.05090475082397461
363 596 0.050780534744262695
370 616 0.05059409141540527
372 622 0.05038714408874512
373 628 0.0505678653717041
372 634 0.15300226211547852
371 637 0.05053973197937012
370 638 0.050504446029663086
367 640 0.10153841972351074
366 641 0.05043911933898926
365 642 0.05037403106689453
427 576 0.9667510986328125
564 473 0.05087995529174805
635 447 0.05037093162536621
736 444 0.05037689208984375
803 467 0.050370216369628906
822 495 0.05048680305480957
899 471 0.355302095413208
1067 447 0.05091094970703125
1207 474 0.05043363571166992
1270 541 0.050337791442871094
1276 559 0.05046820640563965
1293 570 0.35447263717651367
1316 583 0.050444841384887695
1338 599 0.05061483383178711
1352 615 0.05054473876953125
1358 627 0.050438642501831055
1355 637 0.10126876831054688
1351 641 0.05057263374328613
1347 642 0.05046343803405762
1344 640 0.050354719161987305
1342 637 0.05087018013000488
1341 636 0.05038142204284668
1334 635 0.05041861534118652
1327 634 0.3033480644226074
1325 631 1.9268877506256104
1311 594 0.05049276351928711
1300 555 0.05038762092590332
1296 521 0.05059194564819336
1297 493 0.05051994323730469
1299 472 0.0509953498840332
1301 460 0.050862789154052734
1300 452 0.10125517845153809
1298 450 0.05039834976196289
1290 473 0.10096001625061035
1300 519 0.05038619041442871
1312 556 0.05044150352478027
1317 578 0.050463199615478516
1319 593 0.05036473274230957
1320 601 0.05048847198486328
1321 606 0.05046868324279785
1322 613 0.05044054985046387
1323 618 0.05045294761657715
1322 632 0.20229792594909668
1327 653 0.10128021240234375
1328 657 0.05055665969848633
1327 647 0.5592460632324219
1326 645 0.050366878509521484
1325 644 0.10157084465026855
1245 664 0.7620713710784912
1102 705 0.050910234451293945
983 748 0.05056047439575195
923 787 0.05087399482727051
915 793 0.05070042610168457
897 798 0.35594654083251953
818 818 0.05052471160888672
720 847 0.050389766693115234
587 851 0.05053997039794922
512 828 0.05045127868652344
488 797 0.0504755973815918
440 791 0.3554079532623291
397 764 0.051178932189941406
365 725 0.05054974555969238
355 710 0.05036759376525879
353 706 0.05055356025695801
351 700 0.05087018013000488
352 680 0.15225434303283691
353 676 0.05063986778259277
356 670 0.05079913139343262
358 667 0.10118675231933594
359 663 0.05048799514770508
360 651 0.25318169593811035
362 647 0.05062985420227051
363 645 0.05057883262634277
364 644 0.05078744888305664
321 643 2.4916458129882812
280 634 0.05098247528076172
246 612 0.05074453353881836
215 579 0.05085587501525879
191 555 0.05032229423522949
182 539 0.05035758018493652
181 534 0.0504000186920166
186 527 0.05033564567565918
210 525 0.0503697395324707
248 539 0.05036330223083496
275 552 0.05054473876953125
301 568 0.05079293251037598
327 586 0.05180835723876953
336 594 0.05053400993347168
338 597 0.05040574073791504
344 601 0.05044746398925781
350 605 0.05052328109741211
354 611 0.05043673515319824
356 613 0.05038189888000488
358 615 0.05043148994445801
360 618 0.050356388092041016
363 623 0.05046224594116211
364 626 0.05053997039794922
363 631 0.10125565528869629
361 633 0.05064678192138672
359 634 0.05058479309082031
368 641 0.5077359676361084
370 642 0.05052065849304199
442 587 1.0159416198730469
703 453 0.050384521484375
935 407 0.05034661293029785
1002 413 0.05050039291381836
1012 416 0.050585269927978516
1061 393 0.30447840690612793
1219 352 0.050470829010009766
1315 401 0.050493717193603516
1349 491 0.050798892974853516
1331 528 0.3552675247192383
1318 566 0.050536394119262695
1303 591 0.05063033103942871
1296 628 0.05048775672912598
1300 651 0.05054450035095215
1305 661 0.05073094367980957
1319 671 0.05112624168395996
1323 672 0.05064797401428223
1324 671 0.050490617752075195
1325 662 0.05045199394226074
1324 657 0.05034923553466797
1323 654 0.05031633377075195
1321 648 0.050543785095214844
1305 618 1.2696943283081055
1256 476 0.05062723159790039
1253 407 0.05068063735961914
1273 368 0.05039381980895996
1286 356 0.05040764808654785
1288 354 0.05049586296081543
1286 386 0.9155247211456299
1298 443 0.050522565841674805
1326 513 0.05043339729309082
1339 546 0.05048012733459473
1340 548 0.05061745643615723
1334 561 0.25451231002807617
1329 611 0.0506131649017334
1332 649 0.05045199394226074
1331 656 0.2022418975830078
1329 652 0.050551414489746094
1326 644 0.05062270164489746
1324 641 0.051399946212768555
1323 640 0.050950050354003906
1307 638 1.1184115409851074
1169 610 0.050528764724731445
891 583 0.05037736892700195
744 617 0.05047202110290527
699 650 0.0503842830657959
695 655 0.05043220520019531
604 615 0.4060850143432617
540 533 0.05047154426574707
491 511 0.05049252510070801
440 530 0.05039715766906738
388 564 0.050501108169555664
343 595 0.05038309097290039
318 621 0.05040478706359863
315 671 0.05052924156188965
332 701 0.0504145622253418
358 723 0.05046272277832031
373 735 0.050620079040527344
375 736 0.05117011070251465
376 734 0.05066394805908203
374 707 0.05046796798706055
369 694 0.05033993721008301
367 686 0.05050945281982422
366 681 0.050679922103881836
364 675 0.050984859466552734
360 663 0.050457000732421875
357 651 0.05050992965698242
356 648 0.05032682418823242
391 576 4.682478666305542
483 468 0.050377607345581055
655 426 0.050431013107299805
825 455 0.050429582595825195
898 499 0.05103039741516113
914 527 0.05060291290283203
913 528 0.05063962936401367
928 518 0.6119329929351807
1005 499 0.05091500282287598
1080 534 0.05048418045043945
1131 617 0.05037093162536621
1145 700 0.05047035217285156
1143 716 0.05092954635620117
1151 726 0.3562793731689453
1212 783 0.05074334144592285
1317 878 0.05045723915100098
1352 903 0.050337791442871094
1371 891 0.05039358139038086
1388 845 0.050449371337890625
1398 795 0.05036211013793945
1401 763 0.050431013107299805
1390 717 0.05065488815307617
1384 709 0.3558502197265625
1374 688 0.05053400993347168
1361 662 0.05077552795410156
1348 647 0.05061626434326172
1342 638 0.05082893371582031
1335 632 0.05047726631164551
1333 630 0.05089592933654785
1331 629 0.050570011138916016
1326 630 0.05042147636413574
1321 632 0.05067586898803711
1320 634 0.05075550079345703
1319 635 0.050591230392456055
1321 642 3.4136784076690674
1325 654 0.05047202110290527
1330 664 0.05046892166137695
1332 668 0.05056881904602051
1333 670 0.10082840919494629
1332 671 0.050534963607788086
1322 666 0.10095715522766113
1319 661 0.050670623779296875
1293 657 1.8259081840515137
1159 686 0.05044388771057129
935 746 0.05037379264831543
744 821 0.05056023597717285
643 862 0.05060577392578125
605 872 0.051140785217285156
556 879 0.4579029083251953
327 850 0.10177135467529297
278 820 0.05035710334777832
265 797 0.05039262771606445
233 784 0.3546597957611084
201 759 0.050432682037353516
159 715 0.05042886734008789
130 660 0.05037093162536621
139 571 0.050708770751953125
164 514 0.050604820251464844
198 486 0.05036807060241699
213 479 0.05032682418823242
217 478 0.050392866134643555
258 476 0.10099267959594727
295 480 0.05036735534667969
331 497 0.050460100173950195
356 526 0.05035042762756348
360 550 0.05041861534118652
355 565 0.050403594970703125
350 572 0.050458669662475586
351 594 0.10110974311828613
352 601 0.05060100555419922
353 609 0.05043292045593262
356 617 0.050375938415527344
357 620 0.05043315887451172
358 623 0.05051112174987793
359 624 0.05046963691711426
360 625 0.05037999153137207
361 642 0.5074813365936279
359 681 2.4417564868927
374 747 0.05798077583312988
389 811 0.050531864166259766
400 845 0.05036044120788574
404 856 0.05037403106689453
406 838 1.1185929775238037
400 801 0.05050468444824219
388 740 0.05079460144042969
376 692 0.050548553466796875
369 664 0.05045366287231445
365 654 0.05042743682861328
363 648 0.05048489570617676
361 641 0.05050945281982422
360 639 0.050466299057006836
359 637 0.1016995906829834
364 636 2.289031982421875
457 578 0.055936574935913086
634 460 0.05039405822753906
783 405 0.05039048194885254
870 407 0.05051064491271973
893 412 0.05076313018798828
894 413 0.05202651023864746
961 356 0.3075237274169922
1137 263 0.05034446716308594
1237 227 0.05042219161987305
1276 228 0.0505223274230957
1280 230 0.05062150955200195
1261 292 0.30385875701904297
1250 376 0.050402164459228516
1260 517 0.05079984664916992
1272 611 0.050437211990356445
1274 624 0.05075430870056152
1272 646 0.30483174324035645
1279 692 0.05042910575866699
1284 722 0.05043387413024902
1287 727 0.05045199394226074
1307 707 0.10161089897155762
1312 685 0.05041837692260742
1315 673 0.0504453182220459
1317 665 0.35407090187072754
1319 661 0.050859689712524414
1321 657 0.05085635185241699
1323 656 0.05062270164489746
1322 643 3.1064586639404297
1315 627 0.1019439697265625
1314 611 0.05042099952697754
1316 587 0.05054616928100586
1317 575 0.05048871040344238
1322 619 0.20159578323364258
1327 647 0.0504765510559082
1328 658 0.050461769104003906
1326 675 0.1514120101928711
1323 696 0.05040931701660156
1319 719 0.05046987533569336
1316 740 0.05043840408325195
1314 744 0.05053067207336426
1312 733 0.15169787406921387
1309 694 0.05042409896850586
1310 665 0.05040717124938965
1311 659 0.050599098205566406
1312 655 0.15274405479431152
1313 653 0.10102534294128418
1314 651 0.05038022994995117
1315 650 0.050341129302978516
1317 645 0.10098075866699219
1319 644 0.05039811134338379
1320 642 0.25283026695251465
1315 647 1.2192513942718506
1247 694 0.05056357383728027
1083 768 0.05044746398925781
831 851 0.0505068302154541
685 894 0.05066227912902832
640 904 0.050522565841674805
635 905 0.05072379112243652
589 925 0.3550889492034912
471 935 0.05043148994445801
331 892 0.05082440376281738
225 841 0.05101418495178223
182 810 0.050371408462524414
165 756 0.05038642883300781
166 702 0.0503535270690918
202 603 0.05038928985595703
227 554 0.05034685134887695
248 525 0.05045723915100098
270 499 0.05054879188537598
294 489 0.05042314529418945
338 537 0.050434112548828125
358 605 0.050424814224243164
364 654 0.05041027069091797
362 669 0.05052924156188965
360 670 0.050411224365234375
366 687 0.5081188678741455
369 697 0.05061674118041992
363 670 0.15196013450622559
358 649 0.05067849159240723
363 698 2.490182399749756
367 728 0.05037426948547363
377 762 0.05139899253845215
394 796 0.05048370361328125
407 830 0.05101180076599121
416 850 0.05039548873901367
422 861 0.050408124923706055
427 868 0.05041193962097168
429 873 0.05044150352478027
413 849 1.1631569862365723
399 808 0.05034828186035156
387 770 0.05044817924499512
376 739 0.050356149673461914
366 705 0.05046582221984863
359 684 0.05081892013549805
354 671 0.05053281784057617
350 657 0.05056047439575195
349 644 0.05042886734008789
350 636 0.050350189208984375
351 632 0.0505213737487793
352 631 0.10144519805908203
354 633 0.20279431343078613
356 635 0.050801753997802734
362 620 1.4743778705596924
473 464 0.05032801628112793
762 240 0.050436973571777344
1004 203 0.05043220520019531
1133 244 0.050443172454833984
1167 322 0.050436973571777344
1157 364 0.050449371337890625
1147 375 0.30516672134399414
1141 429 0.05043292045593262
1149 517 0.05050230026245117
1159 612 0.05047750473022461
1170 676 0.050498008728027344
1190 724 0.05053544044494629
1215 762 0.050518035888671875
1239 792 0.05039381980895996
1240 794 0.050810813903808594
1279 822 0.7136156558990479
1386 847 0.05054497718811035
1461 852 0.05057549476623535
1512 797 0.05063152313232422
1550 626 0.05057954788208008
1574 405 0.050627708435058594
1536 384 0.050367116928100586
1459 402 0.050461769104003906
1406 434 0.05052781105041504
1361 478 0.050455331802368164
1329 521 0.050492286682128906
1323 559 0.0506441593170166
1343 601 0.05048227310180664
1367 623 0.050684213638305664
1370 625 0.05052638053894043
1362 635 0.10072922706604004
1346 642 0.05152320861816406
1339 644 0.050722360610961914
1334 645 0.050721168518066406
1323 643 0.7112319469451904
1322 641 0.050554513931274414
1321 640 0.05063652992248535
1338 657 3.8150858879089355
1346 674 0.05039644241333008
1354 695 0.05064964294433594
1358 704 0.0503387451171875
1357 707 0.10081171989440918
1340 713 0.05042266845703125
1330 714 0.050429344177246094
1325 713 0.05050992965698242
1321 707 0.05124473571777344
1318 700 0.0505673885345459
1316 690 0.0504765510559082
1315 683 0.050348758697509766
1316 663 0.10086488723754883
1317 656 0.0506439208984375
1318 645 0.15190839767456055
1319 643 0.05062580108642578
1320 642 0.050751686096191406
1274 632 2.4920461177825928
1091 609 0.050454139709472656
812 606 0.05036187171936035
735 602 0.050580501556396484
732 601 0.05039215087890625
738 626 0.4070730209350586
782 690 0.05070924758911133
845 752 0.05109286308288574
890 800 0.05083584785461426
920 835 0.05045747756958008
931 859 0.05048656463623047
945 890 0.05040264129638672
949 900 0.05059528350830078
948 899 2.899399518966675
